TABLE NO.  2
 ETA1        ETA2        ETA3        ETA4        ETA5
  0.0000E+00 -7.7231E-01 -4.6928E-01  0.0000E+00  0.0000E+00
  0.0000E+00 -7.7231E-01 -4.6928E-01  0.0000E+00  0.0000E+00
  0.0000E+00 -7.7231E-01 -4.6928E-01  0.0000E+00  0.0000E+00
  0.0000E+00 -7.7231E-01 -4.6928E-01  0.0000E+00  0.0000E+00
  0.0000E+00 -7.7231E-01 -4.6928E-01  0.0000E+00  0.0000E+00
  0.0000E+00 -7.7231E-01 -4.6928E-01  0.0000E+00  0.0000E+00
  0.0000E+00  4.0999E-01 -2.2488E-01  0.0000E+00  0.0000E+00
  0.0000E+00  4.0999E-01 -2.2488E-01  0.0000E+00  0.0000E+00
  0.0000E+00  4.0999E-01 -2.2488E-01  0.0000E+00  0.0000E+00
  0.0000E+00  4.0999E-01 -2.2488E-01  0.0000E+00  0.0000E+00
  0.0000E+00  4.0999E-01 -2.2488E-01  0.0000E+00  0.0000E+00
  0.0000E+00  4.0999E-01 -2.2488E-01  0.0000E+00  0.0000E+00
  0.0000E+00  4.0999E-01 -2.2488E-01  0.0000E+00  0.0000E+00
  0.0000E+00 -1.0167E-01  9.4965E-01  0.0000E+00  0.0000E+00
  0.0000E+00 -1.0167E-01  9.4965E-01  0.0000E+00  0.0000E+00
  0.0000E+00 -1.0167E-01  9.4965E-01  0.0000E+00  0.0000E+00
  0.0000E+00 -1.0167E-01  9.4965E-01  0.0000E+00  0.0000E+00
  0.0000E+00 -1.0167E-01  9.4965E-01  0.0000E+00  0.0000E+00
  0.0000E+00 -1.0167E-01  9.4965E-01  0.0000E+00  0.0000E+00
  0.0000E+00  3.7109E-01  2.5423E-01  0.0000E+00  0.0000E+00
  0.0000E+00  3.7109E-01  2.5423E-01  0.0000E+00  0.0000E+00
  0.0000E+00  3.7109E-01  2.5423E-01  0.0000E+00  0.0000E+00
  0.0000E+00  3.7109E-01  2.5423E-01  0.0000E+00  0.0000E+00
  0.0000E+00  3.7109E-01  2.5423E-01  0.0000E+00  0.0000E+00
  0.0000E+00  2.9254E-01 -2.6566E-01  0.0000E+00  0.0000E+00
  0.0000E+00  2.9254E-01 -2.6566E-01  0.0000E+00  0.0000E+00
  0.0000E+00  2.9254E-01 -2.6566E-01  0.0000E+00  0.0000E+00
  0.0000E+00  2.9254E-01 -2.6566E-01  0.0000E+00  0.0000E+00
  0.0000E+00  2.9254E-01 -2.6566E-01  0.0000E+00  0.0000E+00
  0.0000E+00  2.9254E-01 -2.6566E-01  0.0000E+00  0.0000E+00
  0.0000E+00  2.9254E-01 -2.6566E-01  0.0000E+00  0.0000E+00
  0.0000E+00  2.9254E-01 -2.6566E-01  0.0000E+00  0.0000E+00
  0.0000E+00  2.5198E-01  1.3319E-01  0.0000E+00  0.0000E+00
  0.0000E+00  2.5198E-01  1.3319E-01  0.0000E+00  0.0000E+00
  0.0000E+00  2.5198E-01  1.3319E-01  0.0000E+00  0.0000E+00
  0.0000E+00  2.5198E-01  1.3319E-01  0.0000E+00  0.0000E+00
  0.0000E+00  2.5198E-01  1.3319E-01  0.0000E+00  0.0000E+00
  0.0000E+00  2.5198E-01  1.3319E-01  0.0000E+00  0.0000E+00
  0.0000E+00  1.6703E-01  5.4706E-01  0.0000E+00  0.0000E+00
  0.0000E+00  1.6703E-01  5.4706E-01  0.0000E+00  0.0000E+00
  0.0000E+00  1.6703E-01  5.4706E-01  0.0000E+00  0.0000E+00
  0.0000E+00  1.6703E-01  5.4706E-01  0.0000E+00  0.0000E+00
  0.0000E+00  1.6703E-01  5.4706E-01  0.0000E+00  0.0000E+00
  0.0000E+00  1.3056E-01 -9.4928E-01  0.0000E+00  0.0000E+00
  0.0000E+00  1.3056E-01 -9.4928E-01  0.0000E+00  0.0000E+00
  0.0000E+00  1.3056E-01 -9.4928E-01  0.0000E+00  0.0000E+00
  0.0000E+00  1.3056E-01 -9.4928E-01  0.0000E+00  0.0000E+00
  0.0000E+00  1.3056E-01 -9.4928E-01  0.0000E+00  0.0000E+00
  0.0000E+00  1.3056E-01 -9.4928E-01  0.0000E+00  0.0000E+00
  0.0000E+00  1.3056E-01 -9.4928E-01  0.0000E+00  0.0000E+00
  0.0000E+00  1.3056E-01 -9.4928E-01  0.0000E+00  0.0000E+00
  0.0000E+00  1.3056E-01 -9.4928E-01  0.0000E+00  0.0000E+00
  0.0000E+00  1.3056E-01 -9.4928E-01  0.0000E+00  0.0000E+00
  0.0000E+00 -3.3499E-02 -1.7439E-01  0.0000E+00  0.0000E+00
  0.0000E+00 -3.3499E-02 -1.7439E-01  0.0000E+00  0.0000E+00
  0.0000E+00 -3.3499E-02 -1.7439E-01  0.0000E+00  0.0000E+00
  0.0000E+00 -3.3499E-02 -1.7439E-01  0.0000E+00  0.0000E+00
  0.0000E+00 -3.3499E-02 -1.7439E-01  0.0000E+00  0.0000E+00
  0.0000E+00 -3.3499E-02 -1.7439E-01  0.0000E+00  0.0000E+00
  0.0000E+00 -3.3499E-02 -1.7439E-01  0.0000E+00  0.0000E+00
  0.0000E+00  5.0929E-01  3.7304E-01  0.0000E+00  0.0000E+00
  0.0000E+00  5.0929E-01  3.7304E-01  0.0000E+00  0.0000E+00
  0.0000E+00  5.0929E-01  3.7304E-01  0.0000E+00  0.0000E+00
  0.0000E+00  5.0929E-01  3.7304E-01  0.0000E+00  0.0000E+00
  0.0000E+00  5.0929E-01  3.7304E-01  0.0000E+00  0.0000E+00
  0.0000E+00 -1.5321E-01  3.8302E-01  0.0000E+00  0.0000E+00
  0.0000E+00 -1.5321E-01  3.8302E-01  0.0000E+00  0.0000E+00
  0.0000E+00 -1.5321E-01  3.8302E-01  0.0000E+00  0.0000E+00
  0.0000E+00 -1.5321E-01  3.8302E-01  0.0000E+00  0.0000E+00
  0.0000E+00 -1.5321E-01  3.8302E-01  0.0000E+00  0.0000E+00
  0.0000E+00 -1.5321E-01  3.8302E-01  0.0000E+00  0.0000E+00
  0.0000E+00 -5.0588E-01  1.7161E-03  0.0000E+00  0.0000E+00
  0.0000E+00 -5.0588E-01  1.7161E-03  0.0000E+00  0.0000E+00
  0.0000E+00 -5.0588E-01  1.7161E-03  0.0000E+00  0.0000E+00
  0.0000E+00 -5.0588E-01  1.7161E-03  0.0000E+00  0.0000E+00
  0.0000E+00 -5.0588E-01  1.7161E-03  0.0000E+00  0.0000E+00
  0.0000E+00 -5.0588E-01  1.7161E-03  0.0000E+00  0.0000E+00
  0.0000E+00  5.6396E-01 -7.2642E-01  0.0000E+00  0.0000E+00
  0.0000E+00  5.6396E-01 -7.2642E-01  0.0000E+00  0.0000E+00
  0.0000E+00  5.6396E-01 -7.2642E-01  0.0000E+00  0.0000E+00
  0.0000E+00  5.6396E-01 -7.2642E-01  0.0000E+00  0.0000E+00
  0.0000E+00  5.6396E-01 -7.2642E-01  0.0000E+00  0.0000E+00
  0.0000E+00  5.6396E-01 -7.2642E-01  0.0000E+00  0.0000E+00
  0.0000E+00  5.6396E-01 -7.2642E-01  0.0000E+00  0.0000E+00
  0.0000E+00  5.6396E-01 -7.2642E-01  0.0000E+00  0.0000E+00
  0.0000E+00  3.7095E-01  4.6127E-02  0.0000E+00  0.0000E+00
  0.0000E+00  3.7095E-01  4.6127E-02  0.0000E+00  0.0000E+00
  0.0000E+00  3.7095E-01  4.6127E-02  0.0000E+00  0.0000E+00
  0.0000E+00  3.7095E-01  4.6127E-02  0.0000E+00  0.0000E+00
  0.0000E+00  3.7095E-01  4.6127E-02  0.0000E+00  0.0000E+00
  0.0000E+00  3.7095E-01  4.6127E-02  0.0000E+00  0.0000E+00
  0.0000E+00 -7.9115E-01  7.5747E-02  0.0000E+00  0.0000E+00
  0.0000E+00 -7.9115E-01  7.5747E-02  0.0000E+00  0.0000E+00
  0.0000E+00 -7.9115E-01  7.5747E-02  0.0000E+00  0.0000E+00
  0.0000E+00 -7.9115E-01  7.5747E-02  0.0000E+00  0.0000E+00
  0.0000E+00 -7.9115E-01  7.5747E-02  0.0000E+00  0.0000E+00
  0.0000E+00 -7.9115E-01  7.5747E-02  0.0000E+00  0.0000E+00
  0.0000E+00  4.2053E-01  5.2734E-02  0.0000E+00  0.0000E+00
  0.0000E+00  4.2053E-01  5.2734E-02  0.0000E+00  0.0000E+00
  0.0000E+00  4.2053E-01  5.2734E-02  0.0000E+00  0.0000E+00
  0.0000E+00  4.2053E-01  5.2734E-02  0.0000E+00  0.0000E+00
  0.0000E+00 -2.5752E-01  7.7248E-01  0.0000E+00  0.0000E+00
  0.0000E+00 -2.5752E-01  7.7248E-01  0.0000E+00  0.0000E+00
  0.0000E+00 -2.5752E-01  7.7248E-01  0.0000E+00  0.0000E+00
  0.0000E+00 -2.5752E-01  7.7248E-01  0.0000E+00  0.0000E+00
  0.0000E+00 -2.5752E-01  7.7248E-01  0.0000E+00  0.0000E+00
  0.0000E+00 -2.5752E-01  7.7248E-01  0.0000E+00  0.0000E+00
  0.0000E+00  3.0598E-01 -1.7002E-02  0.0000E+00  0.0000E+00
  0.0000E+00  3.0598E-01 -1.7002E-02  0.0000E+00  0.0000E+00
  0.0000E+00  3.0598E-01 -1.7002E-02  0.0000E+00  0.0000E+00
  0.0000E+00  3.0598E-01 -1.7002E-02  0.0000E+00  0.0000E+00
  0.0000E+00  3.0598E-01 -1.7002E-02  0.0000E+00  0.0000E+00
  0.0000E+00  3.0598E-01 -1.7002E-02  0.0000E+00  0.0000E+00
  0.0000E+00  4.1515E-01 -4.6025E-01  0.0000E+00  0.0000E+00
  0.0000E+00  4.1515E-01 -4.6025E-01  0.0000E+00  0.0000E+00
  0.0000E+00  4.1515E-01 -4.6025E-01  0.0000E+00  0.0000E+00
  0.0000E+00  4.1515E-01 -4.6025E-01  0.0000E+00  0.0000E+00
  0.0000E+00  4.1515E-01 -4.6025E-01  0.0000E+00  0.0000E+00
  0.0000E+00  4.1515E-01 -4.6025E-01  0.0000E+00  0.0000E+00
  0.0000E+00  4.1515E-01 -4.6025E-01  0.0000E+00  0.0000E+00
  0.0000E+00 -1.1053E-01  4.5284E-01  0.0000E+00  0.0000E+00
  0.0000E+00 -1.1053E-01  4.5284E-01  0.0000E+00  0.0000E+00
  0.0000E+00 -1.1053E-01  4.5284E-01  0.0000E+00  0.0000E+00
  0.0000E+00 -1.1053E-01  4.5284E-01  0.0000E+00  0.0000E+00
  0.0000E+00 -1.1053E-01  4.5284E-01  0.0000E+00  0.0000E+00
  0.0000E+00 -1.1053E-01  4.5284E-01  0.0000E+00  0.0000E+00
  0.0000E+00 -5.2969E-01  1.6867E-01  0.0000E+00  0.0000E+00
  0.0000E+00 -5.2969E-01  1.6867E-01  0.0000E+00  0.0000E+00
  0.0000E+00 -5.2969E-01  1.6867E-01  0.0000E+00  0.0000E+00
  0.0000E+00 -5.2969E-01  1.6867E-01  0.0000E+00  0.0000E+00
  0.0000E+00 -5.2969E-01  1.6867E-01  0.0000E+00  0.0000E+00
  0.0000E+00 -5.2969E-01  1.6867E-01  0.0000E+00  0.0000E+00
  0.0000E+00 -2.5796E-01 -1.5424E-01  0.0000E+00  0.0000E+00
  0.0000E+00 -2.5796E-01 -1.5424E-01  0.0000E+00  0.0000E+00
  0.0000E+00 -2.5796E-01 -1.5424E-01  0.0000E+00  0.0000E+00
  0.0000E+00 -2.5796E-01 -1.5424E-01  0.0000E+00  0.0000E+00
  0.0000E+00 -2.5796E-01 -1.5424E-01  0.0000E+00  0.0000E+00
  0.0000E+00 -2.5796E-01 -1.5424E-01  0.0000E+00  0.0000E+00
  0.0000E+00 -2.5796E-01 -1.5424E-01  0.0000E+00  0.0000E+00
  0.0000E+00 -1.8238E-01 -3.4709E-01  0.0000E+00  0.0000E+00
  0.0000E+00 -1.8238E-01 -3.4709E-01  0.0000E+00  0.0000E+00
  0.0000E+00 -1.8238E-01 -3.4709E-01  0.0000E+00  0.0000E+00
  0.0000E+00 -1.8238E-01 -3.4709E-01  0.0000E+00  0.0000E+00
  0.0000E+00 -1.8238E-01 -3.4709E-01  0.0000E+00  0.0000E+00
  0.0000E+00 -1.8238E-01 -3.4709E-01  0.0000E+00  0.0000E+00
  0.0000E+00  1.3722E-01 -1.2299E-01  0.0000E+00  0.0000E+00
  0.0000E+00  1.3722E-01 -1.2299E-01  0.0000E+00  0.0000E+00
  0.0000E+00  1.3722E-01 -1.2299E-01  0.0000E+00  0.0000E+00
  0.0000E+00  1.3722E-01 -1.2299E-01  0.0000E+00  0.0000E+00
  0.0000E+00  1.3722E-01 -1.2299E-01  0.0000E+00  0.0000E+00
  0.0000E+00  2.0270E-02  7.4757E-01  0.0000E+00  0.0000E+00
  0.0000E+00  2.0270E-02  7.4757E-01  0.0000E+00  0.0000E+00
  0.0000E+00  2.0270E-02  7.4757E-01  0.0000E+00  0.0000E+00
  0.0000E+00  2.0270E-02  7.4757E-01  0.0000E+00  0.0000E+00
  0.0000E+00  2.0270E-02  7.4757E-01  0.0000E+00  0.0000E+00
  0.0000E+00  2.0270E-02  7.4757E-01  0.0000E+00  0.0000E+00
  0.0000E+00  3.9814E-01  5.0767E-01  0.0000E+00  0.0000E+00
  0.0000E+00  3.9814E-01  5.0767E-01  0.0000E+00  0.0000E+00
  0.0000E+00  3.9814E-01  5.0767E-01  0.0000E+00  0.0000E+00
  0.0000E+00  3.9814E-01  5.0767E-01  0.0000E+00  0.0000E+00
  0.0000E+00  3.9814E-01  5.0767E-01  0.0000E+00  0.0000E+00
  0.0000E+00  9.8266E-01  3.1410E-02  0.0000E+00  0.0000E+00
  0.0000E+00  9.8266E-01  3.1410E-02  0.0000E+00  0.0000E+00
  0.0000E+00  9.8266E-01  3.1410E-02  0.0000E+00  0.0000E+00
  0.0000E+00  9.8266E-01  3.1410E-02  0.0000E+00  0.0000E+00
  0.0000E+00  9.8266E-01  3.1410E-02  0.0000E+00  0.0000E+00
  0.0000E+00  9.8266E-01  3.1410E-02  0.0000E+00  0.0000E+00
  0.0000E+00  3.8150E-01  5.0081E-01  0.0000E+00  0.0000E+00
  0.0000E+00  3.8150E-01  5.0081E-01  0.0000E+00  0.0000E+00
  0.0000E+00  3.8150E-01  5.0081E-01  0.0000E+00  0.0000E+00
  0.0000E+00  3.8150E-01  5.0081E-01  0.0000E+00  0.0000E+00
  0.0000E+00  3.8150E-01  5.0081E-01  0.0000E+00  0.0000E+00
  0.0000E+00  3.8150E-01  5.0081E-01  0.0000E+00  0.0000E+00
  0.0000E+00  1.1073E-01  3.3717E-01  0.0000E+00  0.0000E+00
  0.0000E+00  1.1073E-01  3.3717E-01  0.0000E+00  0.0000E+00
  0.0000E+00  1.1073E-01  3.3717E-01  0.0000E+00  0.0000E+00
  0.0000E+00  1.1073E-01  3.3717E-01  0.0000E+00  0.0000E+00
  0.0000E+00  1.1073E-01  3.3717E-01  0.0000E+00  0.0000E+00
  0.0000E+00  1.1073E-01  3.3717E-01  0.0000E+00  0.0000E+00
  0.0000E+00  7.0262E-01 -6.5817E-02  0.0000E+00  0.0000E+00
  0.0000E+00  7.0262E-01 -6.5817E-02  0.0000E+00  0.0000E+00
  0.0000E+00  7.0262E-01 -6.5817E-02  0.0000E+00  0.0000E+00
  0.0000E+00  7.0262E-01 -6.5817E-02  0.0000E+00  0.0000E+00
  0.0000E+00  7.0262E-01 -6.5817E-02  0.0000E+00  0.0000E+00
  0.0000E+00  7.0262E-01 -6.5817E-02  0.0000E+00  0.0000E+00
  0.0000E+00 -9.1832E-02  5.4651E-02  0.0000E+00  0.0000E+00
  0.0000E+00 -9.1832E-02  5.4651E-02  0.0000E+00  0.0000E+00
  0.0000E+00 -9.1832E-02  5.4651E-02  0.0000E+00  0.0000E+00
  0.0000E+00 -9.1832E-02  5.4651E-02  0.0000E+00  0.0000E+00
  0.0000E+00 -9.1832E-02  5.4651E-02  0.0000E+00  0.0000E+00
  0.0000E+00 -9.1832E-02  5.4651E-02  0.0000E+00  0.0000E+00
  0.0000E+00 -9.1832E-02  5.4651E-02  0.0000E+00  0.0000E+00
  0.0000E+00 -9.1832E-02  5.4651E-02  0.0000E+00  0.0000E+00
  0.0000E+00 -9.1832E-02  5.4651E-02  0.0000E+00  0.0000E+00
  0.0000E+00  4.3194E-01  1.1003E-01  0.0000E+00  0.0000E+00
  0.0000E+00  4.3194E-01  1.1003E-01  0.0000E+00  0.0000E+00
  0.0000E+00  4.3194E-01  1.1003E-01  0.0000E+00  0.0000E+00
  0.0000E+00  4.3194E-01  1.1003E-01  0.0000E+00  0.0000E+00
  0.0000E+00  4.3194E-01  1.1003E-01  0.0000E+00  0.0000E+00
  0.0000E+00  4.3194E-01  1.1003E-01  0.0000E+00  0.0000E+00
  0.0000E+00  4.3194E-01  1.1003E-01  0.0000E+00  0.0000E+00
  0.0000E+00  4.3194E-01  1.1003E-01  0.0000E+00  0.0000E+00
  0.0000E+00  4.3194E-01  1.1003E-01  0.0000E+00  0.0000E+00
  0.0000E+00  1.1940E-01 -3.5664E-02  0.0000E+00  0.0000E+00
  0.0000E+00  1.1940E-01 -3.5664E-02  0.0000E+00  0.0000E+00
  0.0000E+00  1.1940E-01 -3.5664E-02  0.0000E+00  0.0000E+00
  0.0000E+00  1.1940E-01 -3.5664E-02  0.0000E+00  0.0000E+00
  0.0000E+00  1.1940E-01 -3.5664E-02  0.0000E+00  0.0000E+00
  0.0000E+00  1.1940E-01 -3.5664E-02  0.0000E+00  0.0000E+00
  0.0000E+00  1.1940E-01 -3.5664E-02  0.0000E+00  0.0000E+00
  0.0000E+00  1.1940E-01 -3.5664E-02  0.0000E+00  0.0000E+00
  0.0000E+00  1.1940E-01 -3.5664E-02  0.0000E+00  0.0000E+00
  0.0000E+00 -2.3535E-02  2.1175E-01  0.0000E+00  0.0000E+00
  0.0000E+00 -2.3535E-02  2.1175E-01  0.0000E+00  0.0000E+00
  0.0000E+00 -2.3535E-02  2.1175E-01  0.0000E+00  0.0000E+00
  0.0000E+00 -2.3535E-02  2.1175E-01  0.0000E+00  0.0000E+00
  0.0000E+00 -2.3535E-02  2.1175E-01  0.0000E+00  0.0000E+00
  0.0000E+00 -2.3535E-02  2.1175E-01  0.0000E+00  0.0000E+00
  0.0000E+00 -2.3535E-02  2.1175E-01  0.0000E+00  0.0000E+00
  0.0000E+00 -2.3535E-02  2.1175E-01  0.0000E+00  0.0000E+00
  0.0000E+00 -2.3535E-02  2.1175E-01  0.0000E+00  0.0000E+00
  0.0000E+00 -1.1032E-01 -2.7968E-01  0.0000E+00  0.0000E+00
  0.0000E+00 -1.1032E-01 -2.7968E-01  0.0000E+00  0.0000E+00
  0.0000E+00 -1.1032E-01 -2.7968E-01  0.0000E+00  0.0000E+00
  0.0000E+00 -1.1032E-01 -2.7968E-01  0.0000E+00  0.0000E+00
  0.0000E+00 -1.1032E-01 -2.7968E-01  0.0000E+00  0.0000E+00
  0.0000E+00 -1.1032E-01 -2.7968E-01  0.0000E+00  0.0000E+00
  0.0000E+00 -1.1032E-01 -2.7968E-01  0.0000E+00  0.0000E+00
  0.0000E+00 -1.1032E-01 -2.7968E-01  0.0000E+00  0.0000E+00
  0.0000E+00 -1.1032E-01 -2.7968E-01  0.0000E+00  0.0000E+00
  0.0000E+00 -1.1032E-01 -2.7968E-01  0.0000E+00  0.0000E+00
  0.0000E+00 -4.8269E-01 -3.7326E-02  0.0000E+00  0.0000E+00
  0.0000E+00 -4.8269E-01 -3.7326E-02  0.0000E+00  0.0000E+00
  0.0000E+00 -4.8269E-01 -3.7326E-02  0.0000E+00  0.0000E+00
  0.0000E+00 -4.8269E-01 -3.7326E-02  0.0000E+00  0.0000E+00
  0.0000E+00 -4.8269E-01 -3.7326E-02  0.0000E+00  0.0000E+00
  0.0000E+00 -4.8269E-01 -3.7326E-02  0.0000E+00  0.0000E+00
  0.0000E+00 -4.8269E-01 -3.7326E-02  0.0000E+00  0.0000E+00
  0.0000E+00 -4.8269E-01 -3.7326E-02  0.0000E+00  0.0000E+00
  0.0000E+00  3.2519E-01 -1.3423E+00  0.0000E+00  0.0000E+00
  0.0000E+00  3.2519E-01 -1.3423E+00  0.0000E+00  0.0000E+00
  0.0000E+00  3.2519E-01 -1.3423E+00  0.0000E+00  0.0000E+00
  0.0000E+00  3.2519E-01 -1.3423E+00  0.0000E+00  0.0000E+00
  0.0000E+00  3.2519E-01 -1.3423E+00  0.0000E+00  0.0000E+00
  0.0000E+00  3.2519E-01 -1.3423E+00  0.0000E+00  0.0000E+00
  0.0000E+00  3.2519E-01 -1.3423E+00  0.0000E+00  0.0000E+00
  0.0000E+00  3.2519E-01 -1.3423E+00  0.0000E+00  0.0000E+00
  0.0000E+00  3.2519E-01 -1.3423E+00  0.0000E+00  0.0000E+00
  0.0000E+00  3.2519E-01 -1.3423E+00  0.0000E+00  0.0000E+00
  0.0000E+00  1.1886E-01  2.0833E-01  0.0000E+00  0.0000E+00
  0.0000E+00  1.1886E-01  2.0833E-01  0.0000E+00  0.0000E+00
  0.0000E+00  1.1886E-01  2.0833E-01  0.0000E+00  0.0000E+00
  0.0000E+00  1.1886E-01  2.0833E-01  0.0000E+00  0.0000E+00
  0.0000E+00  1.1886E-01  2.0833E-01  0.0000E+00  0.0000E+00
  0.0000E+00  1.1886E-01  2.0833E-01  0.0000E+00  0.0000E+00
  0.0000E+00  1.1886E-01  2.0833E-01  0.0000E+00  0.0000E+00
  0.0000E+00  1.1886E-01  2.0833E-01  0.0000E+00  0.0000E+00
  0.0000E+00  1.1886E-01  2.0833E-01  0.0000E+00  0.0000E+00
  0.0000E+00 -1.9075E-01 -7.5315E-02  0.0000E+00  0.0000E+00
  0.0000E+00 -1.9075E-01 -7.5315E-02  0.0000E+00  0.0000E+00
  0.0000E+00 -1.9075E-01 -7.5315E-02  0.0000E+00  0.0000E+00
  0.0000E+00 -1.9075E-01 -7.5315E-02  0.0000E+00  0.0000E+00
  0.0000E+00 -1.9075E-01 -7.5315E-02  0.0000E+00  0.0000E+00
  0.0000E+00 -1.9075E-01 -7.5315E-02  0.0000E+00  0.0000E+00
  0.0000E+00 -1.9075E-01 -7.5315E-02  0.0000E+00  0.0000E+00
  0.0000E+00 -1.9075E-01 -7.5315E-02  0.0000E+00  0.0000E+00
  0.0000E+00 -1.9075E-01 -7.5315E-02  0.0000E+00  0.0000E+00
  0.0000E+00 -5.4065E-02 -1.3999E-01  0.0000E+00  0.0000E+00
  0.0000E+00 -5.4065E-02 -1.3999E-01  0.0000E+00  0.0000E+00
  0.0000E+00 -5.4065E-02 -1.3999E-01  0.0000E+00  0.0000E+00
  0.0000E+00 -5.4065E-02 -1.3999E-01  0.0000E+00  0.0000E+00
  0.0000E+00 -5.4065E-02 -1.3999E-01  0.0000E+00  0.0000E+00
  0.0000E+00 -5.4065E-02 -1.3999E-01  0.0000E+00  0.0000E+00
  0.0000E+00 -5.4065E-02 -1.3999E-01  0.0000E+00  0.0000E+00
  0.0000E+00 -5.4065E-02 -1.3999E-01  0.0000E+00  0.0000E+00
  0.0000E+00 -5.4065E-02 -1.3999E-01  0.0000E+00  0.0000E+00
  0.0000E+00 -5.4065E-02 -1.3999E-01  0.0000E+00  0.0000E+00
  0.0000E+00  4.1453E-01 -6.6876E-01  0.0000E+00  0.0000E+00
  0.0000E+00  4.1453E-01 -6.6876E-01  0.0000E+00  0.0000E+00
  0.0000E+00  4.1453E-01 -6.6876E-01  0.0000E+00  0.0000E+00
  0.0000E+00  4.1453E-01 -6.6876E-01  0.0000E+00  0.0000E+00
  0.0000E+00  4.1453E-01 -6.6876E-01  0.0000E+00  0.0000E+00
  0.0000E+00  4.1453E-01 -6.6876E-01  0.0000E+00  0.0000E+00
  0.0000E+00  4.1453E-01 -6.6876E-01  0.0000E+00  0.0000E+00
  0.0000E+00  4.1453E-01 -6.6876E-01  0.0000E+00  0.0000E+00
  0.0000E+00  4.1453E-01 -6.6876E-01  0.0000E+00  0.0000E+00
  0.0000E+00  4.1453E-01 -6.6876E-01  0.0000E+00  0.0000E+00
  0.0000E+00  8.1274E-02 -7.2815E-01  0.0000E+00  0.0000E+00
  0.0000E+00  8.1274E-02 -7.2815E-01  0.0000E+00  0.0000E+00
  0.0000E+00  8.1274E-02 -7.2815E-01  0.0000E+00  0.0000E+00
  0.0000E+00  8.1274E-02 -7.2815E-01  0.0000E+00  0.0000E+00
  0.0000E+00  8.1274E-02 -7.2815E-01  0.0000E+00  0.0000E+00
  0.0000E+00  8.1274E-02 -7.2815E-01  0.0000E+00  0.0000E+00
  0.0000E+00  8.1274E-02 -7.2815E-01  0.0000E+00  0.0000E+00
  0.0000E+00  8.1274E-02 -7.2815E-01  0.0000E+00  0.0000E+00
  0.0000E+00  8.1274E-02 -7.2815E-01  0.0000E+00  0.0000E+00
  0.0000E+00  1.1968E-01  1.4731E-01  0.0000E+00  0.0000E+00
  0.0000E+00  1.1968E-01  1.4731E-01  0.0000E+00  0.0000E+00
  0.0000E+00  1.1968E-01  1.4731E-01  0.0000E+00  0.0000E+00
  0.0000E+00  1.1968E-01  1.4731E-01  0.0000E+00  0.0000E+00
  0.0000E+00  1.1968E-01  1.4731E-01  0.0000E+00  0.0000E+00
  0.0000E+00  1.1968E-01  1.4731E-01  0.0000E+00  0.0000E+00
  0.0000E+00  1.1968E-01  1.4731E-01  0.0000E+00  0.0000E+00
  0.0000E+00  1.1968E-01  1.4731E-01  0.0000E+00  0.0000E+00
  0.0000E+00 -1.1445E+00  8.3561E-01  0.0000E+00  0.0000E+00
  0.0000E+00 -1.1445E+00  8.3561E-01  0.0000E+00  0.0000E+00
  0.0000E+00 -1.1445E+00  8.3561E-01  0.0000E+00  0.0000E+00
  0.0000E+00 -1.1445E+00  8.3561E-01  0.0000E+00  0.0000E+00
  0.0000E+00 -1.1445E+00  8.3561E-01  0.0000E+00  0.0000E+00
  0.0000E+00 -1.1445E+00  8.3561E-01  0.0000E+00  0.0000E+00
  0.0000E+00 -4.3794E-01  4.2780E-03  0.0000E+00  0.0000E+00
  0.0000E+00 -4.3794E-01  4.2780E-03  0.0000E+00  0.0000E+00
  0.0000E+00 -4.3794E-01  4.2780E-03  0.0000E+00  0.0000E+00
  0.0000E+00 -4.3794E-01  4.2780E-03  0.0000E+00  0.0000E+00
  0.0000E+00 -4.3794E-01  4.2780E-03  0.0000E+00  0.0000E+00
  0.0000E+00 -4.3794E-01  4.2780E-03  0.0000E+00  0.0000E+00
  0.0000E+00 -4.3794E-01  4.2780E-03  0.0000E+00  0.0000E+00
  0.0000E+00 -4.3794E-01  4.2780E-03  0.0000E+00  0.0000E+00
  0.0000E+00  7.7501E-01 -8.5281E-02  0.0000E+00  0.0000E+00
  0.0000E+00  7.7501E-01 -8.5281E-02  0.0000E+00  0.0000E+00
  0.0000E+00  7.7501E-01 -8.5281E-02  0.0000E+00  0.0000E+00
  0.0000E+00  7.7501E-01 -8.5281E-02  0.0000E+00  0.0000E+00
  0.0000E+00  7.7501E-01 -8.5281E-02  0.0000E+00  0.0000E+00
  0.0000E+00  7.7501E-01 -8.5281E-02  0.0000E+00  0.0000E+00
  0.0000E+00  7.7501E-01 -8.5281E-02  0.0000E+00  0.0000E+00
  0.0000E+00  7.7501E-01 -8.5281E-02  0.0000E+00  0.0000E+00
  0.0000E+00  7.7501E-01 -8.5281E-02  0.0000E+00  0.0000E+00
  0.0000E+00 -5.5058E-01  6.7599E-01  0.0000E+00  0.0000E+00
  0.0000E+00 -5.5058E-01  6.7599E-01  0.0000E+00  0.0000E+00
  0.0000E+00 -5.5058E-01  6.7599E-01  0.0000E+00  0.0000E+00
  0.0000E+00 -5.5058E-01  6.7599E-01  0.0000E+00  0.0000E+00
  0.0000E+00 -5.5058E-01  6.7599E-01  0.0000E+00  0.0000E+00
  0.0000E+00  4.8849E-01  8.9896E-02  0.0000E+00  0.0000E+00
  0.0000E+00  4.8849E-01  8.9896E-02  0.0000E+00  0.0000E+00
  0.0000E+00  4.8849E-01  8.9896E-02  0.0000E+00  0.0000E+00
  0.0000E+00  4.8849E-01  8.9896E-02  0.0000E+00  0.0000E+00
  0.0000E+00  4.8849E-01  8.9896E-02  0.0000E+00  0.0000E+00
  0.0000E+00  4.8849E-01  8.9896E-02  0.0000E+00  0.0000E+00
  0.0000E+00  4.8849E-01  8.9896E-02  0.0000E+00  0.0000E+00
  0.0000E+00  4.8849E-01  8.9896E-02  0.0000E+00  0.0000E+00
  0.0000E+00  4.8849E-01  8.9896E-02  0.0000E+00  0.0000E+00
  0.0000E+00  1.8717E-01 -7.5127E-01  0.0000E+00  0.0000E+00
  0.0000E+00  1.8717E-01 -7.5127E-01  0.0000E+00  0.0000E+00
  0.0000E+00  1.8717E-01 -7.5127E-01  0.0000E+00  0.0000E+00
  0.0000E+00  1.8717E-01 -7.5127E-01  0.0000E+00  0.0000E+00
  0.0000E+00  1.8717E-01 -7.5127E-01  0.0000E+00  0.0000E+00
  0.0000E+00  1.8717E-01 -7.5127E-01  0.0000E+00  0.0000E+00
  0.0000E+00  1.8717E-01 -7.5127E-01  0.0000E+00  0.0000E+00
  0.0000E+00  1.8717E-01 -7.5127E-01  0.0000E+00  0.0000E+00
  0.0000E+00  1.8717E-01 -7.5127E-01  0.0000E+00  0.0000E+00
  0.0000E+00  1.8717E-01 -7.5127E-01  0.0000E+00  0.0000E+00
  0.0000E+00 -4.5055E-01 -1.6190E-02  0.0000E+00  0.0000E+00
  0.0000E+00 -4.5055E-01 -1.6190E-02  0.0000E+00  0.0000E+00
  0.0000E+00 -4.5055E-01 -1.6190E-02  0.0000E+00  0.0000E+00
  0.0000E+00 -4.5055E-01 -1.6190E-02  0.0000E+00  0.0000E+00
  0.0000E+00 -4.5055E-01 -1.6190E-02  0.0000E+00  0.0000E+00
  0.0000E+00 -4.5055E-01 -1.6190E-02  0.0000E+00  0.0000E+00
  0.0000E+00 -4.5055E-01 -1.6190E-02  0.0000E+00  0.0000E+00
  0.0000E+00 -4.5055E-01 -1.6190E-02  0.0000E+00  0.0000E+00
  0.0000E+00 -4.5055E-01 -1.6190E-02  0.0000E+00  0.0000E+00
  0.0000E+00  7.2836E-01 -1.2014E-01  0.0000E+00  0.0000E+00
  0.0000E+00  7.2836E-01 -1.2014E-01  0.0000E+00  0.0000E+00
  0.0000E+00  7.2836E-01 -1.2014E-01  0.0000E+00  0.0000E+00
  0.0000E+00  7.2836E-01 -1.2014E-01  0.0000E+00  0.0000E+00
  0.0000E+00  7.2836E-01 -1.2014E-01  0.0000E+00  0.0000E+00
  0.0000E+00  7.2836E-01 -1.2014E-01  0.0000E+00  0.0000E+00
  0.0000E+00  7.2836E-01 -1.2014E-01  0.0000E+00  0.0000E+00
  0.0000E+00  7.2836E-01 -1.2014E-01  0.0000E+00  0.0000E+00
  0.0000E+00  7.2836E-01 -1.2014E-01  0.0000E+00  0.0000E+00
  0.0000E+00  7.2836E-01 -1.2014E-01  0.0000E+00  0.0000E+00
  0.0000E+00  9.4731E-02  3.5880E-01  0.0000E+00  0.0000E+00
  0.0000E+00  9.4731E-02  3.5880E-01  0.0000E+00  0.0000E+00
  0.0000E+00  9.4731E-02  3.5880E-01  0.0000E+00  0.0000E+00
  0.0000E+00  9.4731E-02  3.5880E-01  0.0000E+00  0.0000E+00
  0.0000E+00  9.4731E-02  3.5880E-01  0.0000E+00  0.0000E+00
  0.0000E+00  9.4731E-02  3.5880E-01  0.0000E+00  0.0000E+00
  0.0000E+00  9.4731E-02  3.5880E-01  0.0000E+00  0.0000E+00
  0.0000E+00  1.4180E-01 -7.4430E-01  0.0000E+00  0.0000E+00
  0.0000E+00  1.4180E-01 -7.4430E-01  0.0000E+00  0.0000E+00
  0.0000E+00  1.4180E-01 -7.4430E-01  0.0000E+00  0.0000E+00
  0.0000E+00  1.4180E-01 -7.4430E-01  0.0000E+00  0.0000E+00
  0.0000E+00  1.4180E-01 -7.4430E-01  0.0000E+00  0.0000E+00
  0.0000E+00  1.4180E-01 -7.4430E-01  0.0000E+00  0.0000E+00
  0.0000E+00  1.4180E-01 -7.4430E-01  0.0000E+00  0.0000E+00
  0.0000E+00  1.4180E-01 -7.4430E-01  0.0000E+00  0.0000E+00
  0.0000E+00  1.4180E-01 -7.4430E-01  0.0000E+00  0.0000E+00
  0.0000E+00  1.4180E-01 -7.4430E-01  0.0000E+00  0.0000E+00
  0.0000E+00 -6.8940E-02 -1.4006E-01  0.0000E+00  0.0000E+00
  0.0000E+00 -6.8940E-02 -1.4006E-01  0.0000E+00  0.0000E+00
  0.0000E+00 -6.8940E-02 -1.4006E-01  0.0000E+00  0.0000E+00
  0.0000E+00 -6.8940E-02 -1.4006E-01  0.0000E+00  0.0000E+00
  0.0000E+00 -6.8940E-02 -1.4006E-01  0.0000E+00  0.0000E+00
  0.0000E+00 -6.8940E-02 -1.4006E-01  0.0000E+00  0.0000E+00
  0.0000E+00 -6.8940E-02 -1.4006E-01  0.0000E+00  0.0000E+00
  0.0000E+00 -6.8940E-02 -1.4006E-01  0.0000E+00  0.0000E+00
  0.0000E+00 -6.8940E-02 -1.4006E-01  0.0000E+00  0.0000E+00
  0.0000E+00 -3.3452E-01 -4.9390E-03  0.0000E+00  0.0000E+00
  0.0000E+00 -3.3452E-01 -4.9390E-03  0.0000E+00  0.0000E+00
  0.0000E+00 -3.3452E-01 -4.9390E-03  0.0000E+00  0.0000E+00
  0.0000E+00 -3.3452E-01 -4.9390E-03  0.0000E+00  0.0000E+00
  0.0000E+00 -3.3452E-01 -4.9390E-03  0.0000E+00  0.0000E+00
  0.0000E+00 -3.3452E-01 -4.9390E-03  0.0000E+00  0.0000E+00
  0.0000E+00 -3.3452E-01 -4.9390E-03  0.0000E+00  0.0000E+00
  0.0000E+00 -3.3452E-01 -4.9390E-03  0.0000E+00  0.0000E+00
  0.0000E+00 -3.3452E-01 -4.9390E-03  0.0000E+00  0.0000E+00
  0.0000E+00 -1.6921E-01 -2.6566E-01  0.0000E+00  0.0000E+00
  0.0000E+00 -1.6921E-01 -2.6566E-01  0.0000E+00  0.0000E+00
  0.0000E+00 -1.6921E-01 -2.6566E-01  0.0000E+00  0.0000E+00
  0.0000E+00 -1.6921E-01 -2.6566E-01  0.0000E+00  0.0000E+00
  0.0000E+00 -1.6921E-01 -2.6566E-01  0.0000E+00  0.0000E+00
  0.0000E+00 -1.6921E-01 -2.6566E-01  0.0000E+00  0.0000E+00
  0.0000E+00 -1.6921E-01 -2.6566E-01  0.0000E+00  0.0000E+00
  0.0000E+00 -1.6921E-01 -2.6566E-01  0.0000E+00  0.0000E+00
  0.0000E+00  2.6381E-01 -1.1561E-02  0.0000E+00  0.0000E+00
  0.0000E+00  2.6381E-01 -1.1561E-02  0.0000E+00  0.0000E+00
  0.0000E+00  2.6381E-01 -1.1561E-02  0.0000E+00  0.0000E+00
  0.0000E+00  2.6381E-01 -1.1561E-02  0.0000E+00  0.0000E+00
  0.0000E+00  2.6381E-01 -1.1561E-02  0.0000E+00  0.0000E+00
  0.0000E+00  2.6381E-01 -1.1561E-02  0.0000E+00  0.0000E+00
  0.0000E+00  2.6381E-01 -1.1561E-02  0.0000E+00  0.0000E+00
  0.0000E+00  2.6381E-01 -1.1561E-02  0.0000E+00  0.0000E+00
  0.0000E+00  2.6381E-01 -1.1561E-02  0.0000E+00  0.0000E+00
  0.0000E+00  4.2794E-02 -2.7009E-01  0.0000E+00  0.0000E+00
  0.0000E+00  4.2794E-02 -2.7009E-01  0.0000E+00  0.0000E+00
  0.0000E+00  4.2794E-02 -2.7009E-01  0.0000E+00  0.0000E+00
  0.0000E+00  4.2794E-02 -2.7009E-01  0.0000E+00  0.0000E+00
  0.0000E+00  4.2794E-02 -2.7009E-01  0.0000E+00  0.0000E+00
  0.0000E+00  4.2794E-02 -2.7009E-01  0.0000E+00  0.0000E+00
  0.0000E+00  4.2794E-02 -2.7009E-01  0.0000E+00  0.0000E+00
  0.0000E+00  4.2794E-02 -2.7009E-01  0.0000E+00  0.0000E+00
  0.0000E+00  4.2794E-02 -2.7009E-01  0.0000E+00  0.0000E+00
  0.0000E+00  4.2794E-02 -2.7009E-01  0.0000E+00  0.0000E+00
  0.0000E+00 -4.5951E-01  1.9586E-01  0.0000E+00  0.0000E+00
  0.0000E+00 -4.5951E-01  1.9586E-01  0.0000E+00  0.0000E+00
  0.0000E+00 -4.5951E-01  1.9586E-01  0.0000E+00  0.0000E+00
  0.0000E+00 -4.5951E-01  1.9586E-01  0.0000E+00  0.0000E+00
  0.0000E+00 -4.5951E-01  1.9586E-01  0.0000E+00  0.0000E+00
  0.0000E+00 -4.5951E-01  1.9586E-01  0.0000E+00  0.0000E+00
  0.0000E+00 -4.5951E-01  1.9586E-01  0.0000E+00  0.0000E+00
  0.0000E+00 -4.5951E-01  1.9586E-01  0.0000E+00  0.0000E+00
  0.0000E+00  1.5260E-01  5.3212E-01  0.0000E+00  0.0000E+00
  0.0000E+00  1.5260E-01  5.3212E-01  0.0000E+00  0.0000E+00
  0.0000E+00  1.5260E-01  5.3212E-01  0.0000E+00  0.0000E+00
  0.0000E+00  1.5260E-01  5.3212E-01  0.0000E+00  0.0000E+00
  0.0000E+00  1.5260E-01  5.3212E-01  0.0000E+00  0.0000E+00
  0.0000E+00  1.5260E-01  5.3212E-01  0.0000E+00  0.0000E+00
  0.0000E+00  1.5260E-01  5.3212E-01  0.0000E+00  0.0000E+00
  0.0000E+00  2.2182E-01 -9.7875E-01  0.0000E+00  0.0000E+00
  0.0000E+00  2.2182E-01 -9.7875E-01  0.0000E+00  0.0000E+00
  0.0000E+00  2.2182E-01 -9.7875E-01  0.0000E+00  0.0000E+00
  0.0000E+00  2.2182E-01 -9.7875E-01  0.0000E+00  0.0000E+00
  0.0000E+00  2.2182E-01 -9.7875E-01  0.0000E+00  0.0000E+00
  0.0000E+00  2.2182E-01 -9.7875E-01  0.0000E+00  0.0000E+00
  0.0000E+00  2.2182E-01 -9.7875E-01  0.0000E+00  0.0000E+00
  0.0000E+00  2.2182E-01 -9.7875E-01  0.0000E+00  0.0000E+00
  0.0000E+00  2.2182E-01 -9.7875E-01  0.0000E+00  0.0000E+00
  0.0000E+00  2.2182E-01 -9.7875E-01  0.0000E+00  0.0000E+00
  0.0000E+00  2.3004E-01 -2.2119E-01  0.0000E+00  0.0000E+00
  0.0000E+00  2.3004E-01 -2.2119E-01  0.0000E+00  0.0000E+00
  0.0000E+00  2.3004E-01 -2.2119E-01  0.0000E+00  0.0000E+00
  0.0000E+00  2.3004E-01 -2.2119E-01  0.0000E+00  0.0000E+00
  0.0000E+00  2.3004E-01 -2.2119E-01  0.0000E+00  0.0000E+00
  0.0000E+00  2.3004E-01 -2.2119E-01  0.0000E+00  0.0000E+00
  0.0000E+00  2.3004E-01 -2.2119E-01  0.0000E+00  0.0000E+00
  0.0000E+00  2.3004E-01 -2.2119E-01  0.0000E+00  0.0000E+00
  0.0000E+00  2.3004E-01 -2.2119E-01  0.0000E+00  0.0000E+00
  0.0000E+00  2.3004E-01 -2.2119E-01  0.0000E+00  0.0000E+00
  0.0000E+00 -8.5377E-01  8.8483E-01  0.0000E+00  0.0000E+00
  0.0000E+00 -8.5377E-01  8.8483E-01  0.0000E+00  0.0000E+00
  0.0000E+00 -8.5377E-01  8.8483E-01  0.0000E+00  0.0000E+00
  0.0000E+00 -8.5377E-01  8.8483E-01  0.0000E+00  0.0000E+00
  0.0000E+00 -8.5377E-01  8.8483E-01  0.0000E+00  0.0000E+00
  0.0000E+00 -8.5377E-01  8.8483E-01  0.0000E+00  0.0000E+00
  0.0000E+00 -8.5377E-01  8.8483E-01  0.0000E+00  0.0000E+00
  0.0000E+00 -8.5377E-01  8.8483E-01  0.0000E+00  0.0000E+00
  0.0000E+00 -8.5377E-01  8.8483E-01  0.0000E+00  0.0000E+00
  0.0000E+00  2.7794E-01 -2.7531E-01  0.0000E+00  0.0000E+00
  0.0000E+00  2.7794E-01 -2.7531E-01  0.0000E+00  0.0000E+00
  0.0000E+00  2.7794E-01 -2.7531E-01  0.0000E+00  0.0000E+00
  0.0000E+00  2.7794E-01 -2.7531E-01  0.0000E+00  0.0000E+00
  0.0000E+00  2.7794E-01 -2.7531E-01  0.0000E+00  0.0000E+00
  0.0000E+00  2.7794E-01 -2.7531E-01  0.0000E+00  0.0000E+00
  0.0000E+00  2.7794E-01 -2.7531E-01  0.0000E+00  0.0000E+00
  0.0000E+00  2.7794E-01 -2.7531E-01  0.0000E+00  0.0000E+00
  0.0000E+00  2.7794E-01 -2.7531E-01  0.0000E+00  0.0000E+00
  0.0000E+00  2.7794E-01 -2.7531E-01  0.0000E+00  0.0000E+00
  0.0000E+00  2.9183E-01  2.7607E-02  0.0000E+00  0.0000E+00
  0.0000E+00  2.9183E-01  2.7607E-02  0.0000E+00  0.0000E+00
  0.0000E+00  2.9183E-01  2.7607E-02  0.0000E+00  0.0000E+00
  0.0000E+00  2.9183E-01  2.7607E-02  0.0000E+00  0.0000E+00
  0.0000E+00  2.9183E-01  2.7607E-02  0.0000E+00  0.0000E+00
  0.0000E+00  2.9183E-01  2.7607E-02  0.0000E+00  0.0000E+00
  0.0000E+00  2.9183E-01  2.7607E-02  0.0000E+00  0.0000E+00
  0.0000E+00  2.9183E-01  2.7607E-02  0.0000E+00  0.0000E+00
  0.0000E+00  2.9183E-01  2.7607E-02  0.0000E+00  0.0000E+00
  0.0000E+00  2.9183E-01  2.7607E-02  0.0000E+00  0.0000E+00
  0.0000E+00 -9.1749E-02  8.7517E-01  0.0000E+00  0.0000E+00
  0.0000E+00 -9.1749E-02  8.7517E-01  0.0000E+00  0.0000E+00
  0.0000E+00 -9.1749E-02  8.7517E-01  0.0000E+00  0.0000E+00
  0.0000E+00 -9.1749E-02  8.7517E-01  0.0000E+00  0.0000E+00
  0.0000E+00 -9.1749E-02  8.7517E-01  0.0000E+00  0.0000E+00
  0.0000E+00 -9.1749E-02  8.7517E-01  0.0000E+00  0.0000E+00
  0.0000E+00 -9.1749E-02  8.7517E-01  0.0000E+00  0.0000E+00
  0.0000E+00 -5.1780E-01 -1.3501E-01  0.0000E+00  0.0000E+00
  0.0000E+00 -5.1780E-01 -1.3501E-01  0.0000E+00  0.0000E+00
  0.0000E+00 -5.1780E-01 -1.3501E-01  0.0000E+00  0.0000E+00
  0.0000E+00 -5.1780E-01 -1.3501E-01  0.0000E+00  0.0000E+00
  0.0000E+00 -5.1780E-01 -1.3501E-01  0.0000E+00  0.0000E+00
  0.0000E+00 -5.1780E-01 -1.3501E-01  0.0000E+00  0.0000E+00
  0.0000E+00 -5.1780E-01 -1.3501E-01  0.0000E+00  0.0000E+00
  0.0000E+00 -5.1780E-01 -1.3501E-01  0.0000E+00  0.0000E+00
  0.0000E+00 -5.1780E-01 -1.3501E-01  0.0000E+00  0.0000E+00
  0.0000E+00 -5.1780E-01 -1.3501E-01  0.0000E+00  0.0000E+00
  0.0000E+00  7.5913E-02  5.3154E-02  0.0000E+00  0.0000E+00
  0.0000E+00  7.5913E-02  5.3154E-02  0.0000E+00  0.0000E+00
  0.0000E+00  7.5913E-02  5.3154E-02  0.0000E+00  0.0000E+00
  0.0000E+00  7.5913E-02  5.3154E-02  0.0000E+00  0.0000E+00
  0.0000E+00  7.5913E-02  5.3154E-02  0.0000E+00  0.0000E+00
  0.0000E+00  7.5913E-02  5.3154E-02  0.0000E+00  0.0000E+00
  0.0000E+00  7.5913E-02  5.3154E-02  0.0000E+00  0.0000E+00
  0.0000E+00  7.5913E-02  5.3154E-02  0.0000E+00  0.0000E+00
  0.0000E+00  7.5913E-02  5.3154E-02  0.0000E+00  0.0000E+00
  0.0000E+00  7.5913E-02  5.3154E-02  0.0000E+00  0.0000E+00
  0.0000E+00  1.0650E-01 -1.7459E-01  0.0000E+00  0.0000E+00
  0.0000E+00  1.0650E-01 -1.7459E-01  0.0000E+00  0.0000E+00
  0.0000E+00  1.0650E-01 -1.7459E-01  0.0000E+00  0.0000E+00
  0.0000E+00  1.0650E-01 -1.7459E-01  0.0000E+00  0.0000E+00
  0.0000E+00  1.0650E-01 -1.7459E-01  0.0000E+00  0.0000E+00
  0.0000E+00  1.0650E-01 -1.7459E-01  0.0000E+00  0.0000E+00
  0.0000E+00  1.0650E-01 -1.7459E-01  0.0000E+00  0.0000E+00
  0.0000E+00  1.0650E-01 -1.7459E-01  0.0000E+00  0.0000E+00
  0.0000E+00  1.0650E-01 -1.7459E-01  0.0000E+00  0.0000E+00
  0.0000E+00  1.0650E-01 -1.7459E-01  0.0000E+00  0.0000E+00
  0.0000E+00 -1.6116E-01  1.0030E+00  0.0000E+00  0.0000E+00
  0.0000E+00 -1.6116E-01  1.0030E+00  0.0000E+00  0.0000E+00
  0.0000E+00 -1.6116E-01  1.0030E+00  0.0000E+00  0.0000E+00
  0.0000E+00 -1.6116E-01  1.0030E+00  0.0000E+00  0.0000E+00
  0.0000E+00 -1.6116E-01  1.0030E+00  0.0000E+00  0.0000E+00
  0.0000E+00 -1.6116E-01  1.0030E+00  0.0000E+00  0.0000E+00
  0.0000E+00 -1.6116E-01  1.0030E+00  0.0000E+00  0.0000E+00
  0.0000E+00 -3.7895E-01 -5.4211E-02  0.0000E+00  0.0000E+00
  0.0000E+00 -3.7895E-01 -5.4211E-02  0.0000E+00  0.0000E+00
  0.0000E+00 -3.7895E-01 -5.4211E-02  0.0000E+00  0.0000E+00
  0.0000E+00 -3.7895E-01 -5.4211E-02  0.0000E+00  0.0000E+00
  0.0000E+00 -3.7895E-01 -5.4211E-02  0.0000E+00  0.0000E+00
  0.0000E+00 -3.7895E-01 -5.4211E-02  0.0000E+00  0.0000E+00
  0.0000E+00 -3.7895E-01 -5.4211E-02  0.0000E+00  0.0000E+00
  0.0000E+00 -3.7895E-01 -5.4211E-02  0.0000E+00  0.0000E+00
  0.0000E+00 -3.7895E-01 -5.4211E-02  0.0000E+00  0.0000E+00
  0.0000E+00 -3.7895E-01 -5.4211E-02  0.0000E+00  0.0000E+00
  0.0000E+00  3.6671E-01  9.8186E-01  0.0000E+00  0.0000E+00
  0.0000E+00  3.6671E-01  9.8186E-01  0.0000E+00  0.0000E+00
  0.0000E+00  3.6671E-01  9.8186E-01  0.0000E+00  0.0000E+00
  0.0000E+00  3.6671E-01  9.8186E-01  0.0000E+00  0.0000E+00
  0.0000E+00  3.6671E-01  9.8186E-01  0.0000E+00  0.0000E+00
  0.0000E+00  3.6671E-01  9.8186E-01  0.0000E+00  0.0000E+00
  0.0000E+00  3.6671E-01  9.8186E-01  0.0000E+00  0.0000E+00
  0.0000E+00  3.6671E-01  9.8186E-01  0.0000E+00  0.0000E+00
  0.0000E+00  3.9939E-01  4.6176E-01  0.0000E+00  0.0000E+00
  0.0000E+00  3.9939E-01  4.6176E-01  0.0000E+00  0.0000E+00
  0.0000E+00  3.9939E-01  4.6176E-01  0.0000E+00  0.0000E+00
  0.0000E+00  3.9939E-01  4.6176E-01  0.0000E+00  0.0000E+00
  0.0000E+00  3.9939E-01  4.6176E-01  0.0000E+00  0.0000E+00
  0.0000E+00  3.9939E-01  4.6176E-01  0.0000E+00  0.0000E+00
  0.0000E+00  3.9939E-01  4.6176E-01  0.0000E+00  0.0000E+00
  0.0000E+00  3.9939E-01  4.6176E-01  0.0000E+00  0.0000E+00
  0.0000E+00  3.9939E-01  4.6176E-01  0.0000E+00  0.0000E+00
  0.0000E+00  3.9939E-01  4.6176E-01  0.0000E+00  0.0000E+00
  0.0000E+00 -8.1475E-02 -2.1402E-01  0.0000E+00  0.0000E+00
  0.0000E+00 -8.1475E-02 -2.1402E-01  0.0000E+00  0.0000E+00
  0.0000E+00 -8.1475E-02 -2.1402E-01  0.0000E+00  0.0000E+00
  0.0000E+00 -8.1475E-02 -2.1402E-01  0.0000E+00  0.0000E+00
  0.0000E+00 -8.1475E-02 -2.1402E-01  0.0000E+00  0.0000E+00
  0.0000E+00 -8.1475E-02 -2.1402E-01  0.0000E+00  0.0000E+00
  0.0000E+00 -8.1475E-02 -2.1402E-01  0.0000E+00  0.0000E+00
  0.0000E+00 -8.1475E-02 -2.1402E-01  0.0000E+00  0.0000E+00
  0.0000E+00 -8.1475E-02 -2.1402E-01  0.0000E+00  0.0000E+00
  0.0000E+00 -8.1475E-02 -2.1402E-01  0.0000E+00  0.0000E+00
  0.0000E+00 -1.9217E-01  6.9002E-01  0.0000E+00  0.0000E+00
  0.0000E+00 -1.9217E-01  6.9002E-01  0.0000E+00  0.0000E+00
  0.0000E+00 -1.9217E-01  6.9002E-01  0.0000E+00  0.0000E+00
  0.0000E+00 -1.9217E-01  6.9002E-01  0.0000E+00  0.0000E+00
  0.0000E+00 -1.9217E-01  6.9002E-01  0.0000E+00  0.0000E+00
  0.0000E+00 -1.9217E-01  6.9002E-01  0.0000E+00  0.0000E+00
  0.0000E+00 -1.9217E-01  6.9002E-01  0.0000E+00  0.0000E+00
  0.0000E+00 -1.9217E-01  6.9002E-01  0.0000E+00  0.0000E+00
  0.0000E+00 -1.3319E-01  5.4255E-01  0.0000E+00  0.0000E+00
  0.0000E+00 -1.3319E-01  5.4255E-01  0.0000E+00  0.0000E+00
  0.0000E+00 -1.3319E-01  5.4255E-01  0.0000E+00  0.0000E+00
  0.0000E+00 -1.3319E-01  5.4255E-01  0.0000E+00  0.0000E+00
  0.0000E+00 -1.3319E-01  5.4255E-01  0.0000E+00  0.0000E+00
  0.0000E+00 -1.3319E-01  5.4255E-01  0.0000E+00  0.0000E+00
  0.0000E+00 -1.3319E-01  5.4255E-01  0.0000E+00  0.0000E+00
  0.0000E+00 -1.3319E-01  5.4255E-01  0.0000E+00  0.0000E+00
  0.0000E+00 -1.3319E-01  5.4255E-01  0.0000E+00  0.0000E+00
  0.0000E+00 -1.3319E-01  5.4255E-01  0.0000E+00  0.0000E+00
  0.0000E+00 -2.7651E-01  5.1236E-01  0.0000E+00  0.0000E+00
  0.0000E+00 -2.7651E-01  5.1236E-01  0.0000E+00  0.0000E+00
  0.0000E+00 -2.7651E-01  5.1236E-01  0.0000E+00  0.0000E+00
  0.0000E+00 -2.7651E-01  5.1236E-01  0.0000E+00  0.0000E+00
  0.0000E+00 -2.7651E-01  5.1236E-01  0.0000E+00  0.0000E+00
  0.0000E+00 -2.7651E-01  5.1236E-01  0.0000E+00  0.0000E+00
  0.0000E+00 -2.7651E-01  5.1236E-01  0.0000E+00  0.0000E+00
  0.0000E+00 -2.7651E-01  5.1236E-01  0.0000E+00  0.0000E+00
  0.0000E+00 -2.7651E-01  5.1236E-01  0.0000E+00  0.0000E+00
  0.0000E+00 -2.7651E-01  5.1236E-01  0.0000E+00  0.0000E+00
  0.0000E+00 -4.1348E-01  2.0552E-01  0.0000E+00  0.0000E+00
  0.0000E+00 -4.1348E-01  2.0552E-01  0.0000E+00  0.0000E+00
  0.0000E+00 -4.1348E-01  2.0552E-01  0.0000E+00  0.0000E+00
  0.0000E+00 -4.1348E-01  2.0552E-01  0.0000E+00  0.0000E+00
  0.0000E+00 -4.1348E-01  2.0552E-01  0.0000E+00  0.0000E+00
  0.0000E+00 -4.1348E-01  2.0552E-01  0.0000E+00  0.0000E+00
  0.0000E+00 -4.1348E-01  2.0552E-01  0.0000E+00  0.0000E+00
  0.0000E+00 -4.1348E-01  2.0552E-01  0.0000E+00  0.0000E+00
  0.0000E+00 -4.1348E-01  2.0552E-01  0.0000E+00  0.0000E+00
  0.0000E+00 -4.1348E-01  2.0552E-01  0.0000E+00  0.0000E+00
  0.0000E+00  2.3708E-01 -1.3086E-01  0.0000E+00  0.0000E+00
  0.0000E+00  2.3708E-01 -1.3086E-01  0.0000E+00  0.0000E+00
  0.0000E+00  2.3708E-01 -1.3086E-01  0.0000E+00  0.0000E+00
  0.0000E+00  2.3708E-01 -1.3086E-01  0.0000E+00  0.0000E+00
  0.0000E+00  2.3708E-01 -1.3086E-01  0.0000E+00  0.0000E+00
  0.0000E+00  2.3708E-01 -1.3086E-01  0.0000E+00  0.0000E+00
  0.0000E+00  2.3708E-01 -1.3086E-01  0.0000E+00  0.0000E+00
  0.0000E+00  2.3708E-01 -1.3086E-01  0.0000E+00  0.0000E+00
  0.0000E+00  2.3708E-01 -1.3086E-01  0.0000E+00  0.0000E+00
  0.0000E+00  2.3708E-01 -1.3086E-01  0.0000E+00  0.0000E+00
  0.0000E+00  9.0044E-02  6.2918E-01  0.0000E+00  0.0000E+00
  0.0000E+00  9.0044E-02  6.2918E-01  0.0000E+00  0.0000E+00
  0.0000E+00  9.0044E-02  6.2918E-01  0.0000E+00  0.0000E+00
  0.0000E+00  9.0044E-02  6.2918E-01  0.0000E+00  0.0000E+00
  0.0000E+00  9.0044E-02  6.2918E-01  0.0000E+00  0.0000E+00
  0.0000E+00  9.0044E-02  6.2918E-01  0.0000E+00  0.0000E+00
  0.0000E+00  9.0044E-02  6.2918E-01  0.0000E+00  0.0000E+00
  0.0000E+00  9.0044E-02  6.2918E-01  0.0000E+00  0.0000E+00
  0.0000E+00  4.4882E-01 -2.4539E-01  0.0000E+00  0.0000E+00
  0.0000E+00  4.4882E-01 -2.4539E-01  0.0000E+00  0.0000E+00
  0.0000E+00  4.4882E-01 -2.4539E-01  0.0000E+00  0.0000E+00
  0.0000E+00  4.4882E-01 -2.4539E-01  0.0000E+00  0.0000E+00
  0.0000E+00  4.4882E-01 -2.4539E-01  0.0000E+00  0.0000E+00
  0.0000E+00  4.4882E-01 -2.4539E-01  0.0000E+00  0.0000E+00
  0.0000E+00  4.4882E-01 -2.4539E-01  0.0000E+00  0.0000E+00
  0.0000E+00  4.4882E-01 -2.4539E-01  0.0000E+00  0.0000E+00
  0.0000E+00  4.4882E-01 -2.4539E-01  0.0000E+00  0.0000E+00
  0.0000E+00  4.4882E-01 -2.4539E-01  0.0000E+00  0.0000E+00
  0.0000E+00 -2.4268E-01  8.3838E-01  0.0000E+00  0.0000E+00
  0.0000E+00 -2.4268E-01  8.3838E-01  0.0000E+00  0.0000E+00
  0.0000E+00 -2.4268E-01  8.3838E-01  0.0000E+00  0.0000E+00
  0.0000E+00 -2.4268E-01  8.3838E-01  0.0000E+00  0.0000E+00
  0.0000E+00 -2.4268E-01  8.3838E-01  0.0000E+00  0.0000E+00
  0.0000E+00 -2.4268E-01  8.3838E-01  0.0000E+00  0.0000E+00
  0.0000E+00 -2.4268E-01  8.3838E-01  0.0000E+00  0.0000E+00
  0.0000E+00 -2.4268E-01  8.3838E-01  0.0000E+00  0.0000E+00
  0.0000E+00 -5.4648E-01  1.5859E-01  0.0000E+00  0.0000E+00
  0.0000E+00 -5.4648E-01  1.5859E-01  0.0000E+00  0.0000E+00
  0.0000E+00 -5.4648E-01  1.5859E-01  0.0000E+00  0.0000E+00
  0.0000E+00 -5.4648E-01  1.5859E-01  0.0000E+00  0.0000E+00
  0.0000E+00 -5.4648E-01  1.5859E-01  0.0000E+00  0.0000E+00
  0.0000E+00 -5.4648E-01  1.5859E-01  0.0000E+00  0.0000E+00
  0.0000E+00 -5.4648E-01  1.5859E-01  0.0000E+00  0.0000E+00
  0.0000E+00 -5.4648E-01  1.5859E-01  0.0000E+00  0.0000E+00
  0.0000E+00 -5.4648E-01  1.5859E-01  0.0000E+00  0.0000E+00
  0.0000E+00 -5.4648E-01  1.5859E-01  0.0000E+00  0.0000E+00
  0.0000E+00 -1.2886E-01  6.5774E-02  0.0000E+00  0.0000E+00
  0.0000E+00 -1.2886E-01  6.5774E-02  0.0000E+00  0.0000E+00
  0.0000E+00 -1.2886E-01  6.5774E-02  0.0000E+00  0.0000E+00
  0.0000E+00 -1.2886E-01  6.5774E-02  0.0000E+00  0.0000E+00
  0.0000E+00 -1.2886E-01  6.5774E-02  0.0000E+00  0.0000E+00
  0.0000E+00 -1.2886E-01  6.5774E-02  0.0000E+00  0.0000E+00
  0.0000E+00 -1.2886E-01  6.5774E-02  0.0000E+00  0.0000E+00
  0.0000E+00 -1.2886E-01  6.5774E-02  0.0000E+00  0.0000E+00
  0.0000E+00 -1.2886E-01  6.5774E-02  0.0000E+00  0.0000E+00
  0.0000E+00 -1.2886E-01  6.5774E-02  0.0000E+00  0.0000E+00
  0.0000E+00 -6.1890E-01  3.0406E-01  0.0000E+00  0.0000E+00
  0.0000E+00 -6.1890E-01  3.0406E-01  0.0000E+00  0.0000E+00
  0.0000E+00 -6.1890E-01  3.0406E-01  0.0000E+00  0.0000E+00
  0.0000E+00 -6.1890E-01  3.0406E-01  0.0000E+00  0.0000E+00
  0.0000E+00 -6.1890E-01  3.0406E-01  0.0000E+00  0.0000E+00
  0.0000E+00 -6.1890E-01  3.0406E-01  0.0000E+00  0.0000E+00
  0.0000E+00 -6.1890E-01  3.0406E-01  0.0000E+00  0.0000E+00
  0.0000E+00 -6.1890E-01  3.0406E-01  0.0000E+00  0.0000E+00
  0.0000E+00 -6.1890E-01  3.0406E-01  0.0000E+00  0.0000E+00
  0.0000E+00 -1.5737E-02 -3.0310E-01  0.0000E+00  0.0000E+00
  0.0000E+00 -1.5737E-02 -3.0310E-01  0.0000E+00  0.0000E+00
  0.0000E+00 -1.5737E-02 -3.0310E-01  0.0000E+00  0.0000E+00
  0.0000E+00 -1.5737E-02 -3.0310E-01  0.0000E+00  0.0000E+00
  0.0000E+00 -1.5737E-02 -3.0310E-01  0.0000E+00  0.0000E+00
  0.0000E+00 -1.5737E-02 -3.0310E-01  0.0000E+00  0.0000E+00
  0.0000E+00 -1.5737E-02 -3.0310E-01  0.0000E+00  0.0000E+00
  0.0000E+00 -1.5737E-02 -3.0310E-01  0.0000E+00  0.0000E+00
  0.0000E+00 -1.5737E-02 -3.0310E-01  0.0000E+00  0.0000E+00
  0.0000E+00 -1.5737E-02 -3.0310E-01  0.0000E+00  0.0000E+00
  0.0000E+00  2.5210E-01 -4.7091E-02  0.0000E+00  0.0000E+00
  0.0000E+00  2.5210E-01 -4.7091E-02  0.0000E+00  0.0000E+00
  0.0000E+00  2.5210E-01 -4.7091E-02  0.0000E+00  0.0000E+00
  0.0000E+00  2.5210E-01 -4.7091E-02  0.0000E+00  0.0000E+00
  0.0000E+00  2.5210E-01 -4.7091E-02  0.0000E+00  0.0000E+00
  0.0000E+00  2.5210E-01 -4.7091E-02  0.0000E+00  0.0000E+00
  0.0000E+00  2.5210E-01 -4.7091E-02  0.0000E+00  0.0000E+00
  0.0000E+00  2.5210E-01 -4.7091E-02  0.0000E+00  0.0000E+00
  0.0000E+00  2.5210E-01 -4.7091E-02  0.0000E+00  0.0000E+00
  0.0000E+00  2.5210E-01 -4.7091E-02  0.0000E+00  0.0000E+00
  0.0000E+00 -2.1155E-01  4.5877E-01  0.0000E+00  0.0000E+00
  0.0000E+00 -2.1155E-01  4.5877E-01  0.0000E+00  0.0000E+00
  0.0000E+00 -2.1155E-01  4.5877E-01  0.0000E+00  0.0000E+00
  0.0000E+00 -2.1155E-01  4.5877E-01  0.0000E+00  0.0000E+00
  0.0000E+00 -2.1155E-01  4.5877E-01  0.0000E+00  0.0000E+00
  0.0000E+00 -2.1155E-01  4.5877E-01  0.0000E+00  0.0000E+00
  0.0000E+00 -2.1155E-01  4.5877E-01  0.0000E+00  0.0000E+00
  0.0000E+00 -2.1155E-01  4.5877E-01  0.0000E+00  0.0000E+00
  0.0000E+00 -2.1155E-01  4.5877E-01  0.0000E+00  0.0000E+00
  0.0000E+00 -2.1155E-01  4.5877E-01  0.0000E+00  0.0000E+00
  0.0000E+00 -5.1288E-01 -2.3607E-01  0.0000E+00  0.0000E+00
  0.0000E+00 -5.1288E-01 -2.3607E-01  0.0000E+00  0.0000E+00
  0.0000E+00 -5.1288E-01 -2.3607E-01  0.0000E+00  0.0000E+00
  0.0000E+00 -5.1288E-01 -2.3607E-01  0.0000E+00  0.0000E+00
  0.0000E+00 -5.1288E-01 -2.3607E-01  0.0000E+00  0.0000E+00
  0.0000E+00 -5.1288E-01 -2.3607E-01  0.0000E+00  0.0000E+00
  0.0000E+00 -5.1288E-01 -2.3607E-01  0.0000E+00  0.0000E+00
  0.0000E+00 -5.1288E-01 -2.3607E-01  0.0000E+00  0.0000E+00
  0.0000E+00 -5.1288E-01 -2.3607E-01  0.0000E+00  0.0000E+00
  0.0000E+00 -5.1288E-01 -2.3607E-01  0.0000E+00  0.0000E+00
  0.0000E+00  2.7640E-01  6.2634E-01  0.0000E+00  0.0000E+00
  0.0000E+00  2.7640E-01  6.2634E-01  0.0000E+00  0.0000E+00
  0.0000E+00  2.7640E-01  6.2634E-01  0.0000E+00  0.0000E+00
  0.0000E+00  2.7640E-01  6.2634E-01  0.0000E+00  0.0000E+00
  0.0000E+00  2.7640E-01  6.2634E-01  0.0000E+00  0.0000E+00
  0.0000E+00  2.7640E-01  6.2634E-01  0.0000E+00  0.0000E+00
  0.0000E+00  2.7640E-01  6.2634E-01  0.0000E+00  0.0000E+00
  0.0000E+00  2.7640E-01  6.2634E-01  0.0000E+00  0.0000E+00
  0.0000E+00  2.7640E-01  6.2634E-01  0.0000E+00  0.0000E+00
  0.0000E+00  2.7640E-01  6.2634E-01  0.0000E+00  0.0000E+00
